# 3ds Max Wavefront OBJ Exporter v0.97b - (c)2007 guruware
# File Created: 08.09.2017 20:00:55

mtllib rug.mtl

#
# object Box111
#

v  -562698.5000 3063.0229 7290.1426
v  -569455.8750 3063.0229 532.7498
v  -562698.5000 3063.0229 -6224.6426
v  -555941.1250 3063.0229 532.7502
v  -562698.5000 3306.0586 7290.1426
v  -555941.1250 3306.0586 532.7502
v  -562698.5000 3306.0586 -6224.6426
v  -569455.8750 3306.0586 532.7498
# 8 vertices

vn 0.0000 -1.0000 -0.0000
vn 0.0000 1.0000 -0.0000
vn 0.7071 0.0000 0.7071
vn 0.7071 0.0000 -0.7071
vn -0.7071 0.0000 -0.7071
vn -0.7071 0.0000 0.7071
# 6 vertex normals

vt 1.0000 0.0000 0.0000
vt 1.0000 1.0000 0.0000
vt 0.0000 1.0000 0.0000
vt 0.0000 0.0000 0.0000
# 4 texture coords

g Box111
usemtl 02___Default
s 2
f -8/-4/-6 -7/-3/-6 -6/-2/-6 -5/-1/-6 
s 4
f -4/-1/-5 -3/-4/-5 -2/-3/-5 -1/-2/-5 
s 8
f -8/-1/-4 -5/-4/-4 -3/-3/-4 -4/-2/-4 
s 16
f -5/-1/-3 -6/-4/-3 -2/-3/-3 -3/-2/-3 
s 32
f -6/-1/-2 -7/-4/-2 -1/-3/-2 -2/-2/-2 
s 64
f -7/-1/-1 -8/-4/-1 -4/-3/-1 -1/-2/-1 
# 6 polygons

#
# object Box112
#

v  -587733.5000 3063.0229 7290.1426
v  -594490.8750 3063.0229 532.7498
v  -587733.5000 3063.0229 -6224.6426
v  -580976.1250 3063.0229 532.7502
v  -587733.5000 3306.0586 7290.1426
v  -580976.1250 3306.0586 532.7502
v  -587733.5000 3306.0586 -6224.6426
v  -594490.8750 3306.0586 532.7498
# 8 vertices

vn 0.0000 -1.0000 -0.0000
vn 0.0000 1.0000 -0.0000
vn 0.7071 0.0000 0.7071
vn 0.7071 0.0000 -0.7071
vn -0.7071 0.0000 -0.7071
vn -0.7071 0.0000 0.7071
# 6 vertex normals

vt 1.0000 0.0000 0.0000
vt 1.0000 1.0000 0.0000
vt 0.0000 1.0000 0.0000
vt 0.0000 0.0000 0.0000
# 4 texture coords

g Box112
usemtl 02___Default
s 2
f -8/-4/-6 -7/-3/-6 -6/-2/-6 -5/-1/-6 
s 4
f -4/-1/-5 -3/-4/-5 -2/-3/-5 -1/-2/-5 
s 8
f -8/-1/-4 -5/-4/-4 -3/-3/-4 -4/-2/-4 
s 16
f -5/-1/-3 -6/-4/-3 -2/-3/-3 -3/-2/-3 
s 32
f -6/-1/-2 -7/-4/-2 -1/-3/-2 -2/-2/-2 
s 64
f -7/-1/-1 -8/-4/-1 -4/-3/-1 -1/-2/-1 
# 6 polygons

#
# object Box113
#

v  -587733.5000 3063.0229 -51911.4844
v  -594490.8750 3063.0229 -58668.8750
v  -587733.5000 3063.0229 -65426.2656
v  -580976.1250 3063.0229 -58668.8750
v  -587733.5000 3306.0586 -51911.4844
v  -580976.1250 3306.0586 -58668.8750
v  -587733.5000 3306.0586 -65426.2656
v  -594490.8750 3306.0586 -58668.8750
# 8 vertices

vn 0.0000 -1.0000 -0.0000
vn 0.0000 1.0000 -0.0000
vn 0.7071 0.0000 0.7071
vn 0.7071 0.0000 -0.7071
vn -0.7071 0.0000 -0.7071
vn -0.7071 0.0000 0.7071
# 6 vertex normals

vt 1.0000 0.0000 0.0000
vt 1.0000 1.0000 0.0000
vt 0.0000 1.0000 0.0000
vt 0.0000 0.0000 0.0000
# 4 texture coords

g Box113
usemtl 02___Default
s 2
f -8/-4/-6 -7/-3/-6 -6/-2/-6 -5/-1/-6 
s 4
f -4/-1/-5 -3/-4/-5 -2/-3/-5 -1/-2/-5 
s 8
f -8/-1/-4 -5/-4/-4 -3/-3/-4 -4/-2/-4 
s 16
f -5/-1/-3 -6/-4/-3 -2/-3/-3 -3/-2/-3 
s 32
f -6/-1/-2 -7/-4/-2 -1/-3/-2 -2/-2/-2 
s 64
f -7/-1/-1 -8/-4/-1 -4/-3/-1 -1/-2/-1 
# 6 polygons

#
# object Box114
#

v  -712908.3750 3063.0229 -51911.4844
v  -719665.7500 3063.0229 -58668.8750
v  -712908.3750 3063.0229 -65426.2656
v  -706151.0000 3063.0229 -58668.8750
v  -712908.3750 3306.0586 -51911.4844
v  -706151.0000 3306.0586 -58668.8750
v  -712908.3750 3306.0586 -65426.2656
v  -719665.7500 3306.0586 -58668.8750
# 8 vertices

vn 0.0000 -1.0000 -0.0000
vn 0.0000 1.0000 -0.0000
vn 0.7071 0.0000 0.7071
vn 0.7071 0.0000 -0.7071
vn -0.7071 0.0000 -0.7071
vn -0.7071 0.0000 0.7071
# 6 vertex normals

vt 1.0000 0.0000 0.0000
vt 1.0000 1.0000 0.0000
vt 0.0000 1.0000 0.0000
vt 0.0000 0.0000 0.0000
# 4 texture coords

g Box114
usemtl 02___Default
s 2
f -8/-4/-6 -7/-3/-6 -6/-2/-6 -5/-1/-6 
s 4
f -4/-1/-5 -3/-4/-5 -2/-3/-5 -1/-2/-5 
s 8
f -8/-1/-4 -5/-4/-4 -3/-3/-4 -4/-2/-4 
s 16
f -5/-1/-3 -6/-4/-3 -2/-3/-3 -3/-2/-3 
s 32
f -6/-1/-2 -7/-4/-2 -1/-3/-2 -2/-2/-2 
s 64
f -7/-1/-1 -8/-4/-1 -4/-3/-1 -1/-2/-1 
# 6 polygons

#
# object Box115
#

v  -662838.3750 3063.0229 -51911.4844
v  -669595.7500 3063.0229 -58668.8750
v  -662838.3750 3063.0229 -65426.2656
v  -656081.0000 3063.0229 -58668.8750
v  -662838.3750 3306.0586 -51911.4844
v  -656081.0000 3306.0586 -58668.8750
v  -662838.3750 3306.0586 -65426.2656
v  -669595.7500 3306.0586 -58668.8750
# 8 vertices

vn 0.0000 -1.0000 -0.0000
vn 0.0000 1.0000 -0.0000
vn 0.7071 0.0000 0.7071
vn 0.7071 0.0000 -0.7071
vn -0.7071 0.0000 -0.7071
vn -0.7071 0.0000 0.7071
# 6 vertex normals

vt 1.0000 0.0000 0.0000
vt 1.0000 1.0000 0.0000
vt 0.0000 1.0000 0.0000
vt 0.0000 0.0000 0.0000
# 4 texture coords

g Box115
usemtl 02___Default
s 2
f -8/-4/-6 -7/-3/-6 -6/-2/-6 -5/-1/-6 
s 4
f -4/-1/-5 -3/-4/-5 -2/-3/-5 -1/-2/-5 
s 8
f -8/-1/-4 -5/-4/-4 -3/-3/-4 -4/-2/-4 
s 16
f -5/-1/-3 -6/-4/-3 -2/-3/-3 -3/-2/-3 
s 32
f -6/-1/-2 -7/-4/-2 -1/-3/-2 -2/-2/-2 
s 64
f -7/-1/-1 -8/-4/-1 -4/-3/-1 -1/-2/-1 
# 6 polygons

#
# object Box116
#

v  -687873.4375 3063.0229 -251016.0781
v  -694630.8125 3063.0229 -257773.4688
v  -687873.4375 3063.0229 -264530.8750
v  -681116.0625 3063.0229 -257773.4688
v  -687873.4375 3306.0586 -251016.0781
v  -681116.0625 3306.0586 -257773.4688
v  -687873.4375 3306.0586 -264530.8750
v  -694630.8125 3306.0586 -257773.4688
# 8 vertices

vn 0.0000 -1.0000 -0.0000
vn 0.0000 1.0000 -0.0000
vn 0.7071 0.0000 0.7071
vn 0.7071 0.0000 -0.7071
vn -0.7071 0.0000 -0.7071
vn -0.7071 0.0000 0.7071
# 6 vertex normals

vt 1.0000 0.0000 0.0000
vt 1.0000 1.0000 0.0000
vt 0.0000 1.0000 0.0000
vt 0.0000 0.0000 0.0000
# 4 texture coords

g Box116
usemtl 02___Default
s 2
f -8/-4/-6 -7/-3/-6 -6/-2/-6 -5/-1/-6 
s 4
f -4/-1/-5 -3/-4/-5 -2/-3/-5 -1/-2/-5 
s 8
f -8/-1/-4 -5/-4/-4 -3/-3/-4 -4/-2/-4 
s 16
f -5/-1/-3 -6/-4/-3 -2/-3/-3 -3/-2/-3 
s 32
f -6/-1/-2 -7/-4/-2 -1/-3/-2 -2/-2/-2 
s 64
f -7/-1/-1 -8/-4/-1 -4/-3/-1 -1/-2/-1 
# 6 polygons

#
# object Box117
#

v  -788013.2500 3063.0229 -251016.0781
v  -794770.6250 3063.0229 -257773.4688
v  -788013.2500 3063.0229 -264530.8750
v  -781255.8750 3063.0229 -257773.4688
v  -788013.2500 3306.0586 -251016.0781
v  -781255.8750 3306.0586 -257773.4688
v  -788013.2500 3306.0586 -264530.8750
v  -794770.6250 3306.0586 -257773.4688
# 8 vertices

vn 0.0000 -1.0000 -0.0000
vn 0.0000 1.0000 -0.0000
vn 0.7071 0.0000 0.7071
vn 0.7071 0.0000 -0.7071
vn -0.7071 0.0000 -0.7071
vn -0.7071 0.0000 0.7071
# 6 vertex normals

vt 1.0000 0.0000 0.0000
vt 1.0000 1.0000 0.0000
vt 0.0000 1.0000 0.0000
vt 0.0000 0.0000 0.0000
# 4 texture coords

g Box117
usemtl 02___Default
s 2
f -8/-4/-6 -7/-3/-6 -6/-2/-6 -5/-1/-6 
s 4
f -4/-1/-5 -3/-4/-5 -2/-3/-5 -1/-2/-5 
s 8
f -8/-1/-4 -5/-4/-4 -3/-3/-4 -4/-2/-4 
s 16
f -5/-1/-3 -6/-4/-3 -2/-3/-3 -3/-2/-3 
s 32
f -6/-1/-2 -7/-4/-2 -1/-3/-2 -2/-2/-2 
s 64
f -7/-1/-1 -8/-4/-1 -4/-3/-1 -1/-2/-1 
# 6 polygons

#
# object Box118
#

v  -487593.5625 3063.0229 -51911.4844
v  -494350.9688 3063.0229 -58668.8750
v  -487593.5625 3063.0229 -65426.2656
v  -480836.1563 3063.0229 -58668.8750
v  -487593.5625 3306.0586 -51911.4844
v  -480836.1563 3306.0586 -58668.8750
v  -487593.5625 3306.0586 -65426.2656
v  -494350.9688 3306.0586 -58668.8750
# 8 vertices

vn 0.0000 -1.0000 -0.0000
vn 0.0000 1.0000 -0.0000
vn 0.7071 0.0000 0.7071
vn 0.7071 0.0000 -0.7071
vn -0.7071 0.0000 -0.7071
vn -0.7071 0.0000 0.7071
# 6 vertex normals

vt 1.0000 0.0000 0.0000
vt 1.0000 1.0000 0.0000
vt 0.0000 1.0000 0.0000
vt 0.0000 0.0000 0.0000
# 4 texture coords

g Box118
usemtl 02___Default
s 2
f -8/-4/-6 -7/-3/-6 -6/-2/-6 -5/-1/-6 
s 4
f -4/-1/-5 -3/-4/-5 -2/-3/-5 -1/-2/-5 
s 8
f -8/-1/-4 -5/-4/-4 -3/-3/-4 -4/-2/-4 
s 16
f -5/-1/-3 -6/-4/-3 -2/-3/-3 -3/-2/-3 
s 32
f -6/-1/-2 -7/-4/-2 -1/-3/-2 -2/-2/-2 
s 64
f -7/-1/-1 -8/-4/-1 -4/-3/-1 -1/-2/-1 
# 6 polygons

#
# object Box119
#

v  -637803.3750 3063.0229 -51911.4844
v  -644560.7500 3063.0229 -58668.8750
v  -637803.3750 3063.0229 -65426.2656
v  -631046.0000 3063.0229 -58668.8750
v  -637803.3750 3306.0586 -51911.4844
v  -631046.0000 3306.0586 -58668.8750
v  -637803.3750 3306.0586 -65426.2656
v  -644560.7500 3306.0586 -58668.8750
# 8 vertices

vn 0.0000 -1.0000 -0.0000
vn 0.0000 1.0000 -0.0000
vn 0.7071 0.0000 0.7071
vn 0.7071 0.0000 -0.7071
vn -0.7071 0.0000 -0.7071
vn -0.7071 0.0000 0.7071
# 6 vertex normals

vt 1.0000 0.0000 0.0000
vt 1.0000 1.0000 0.0000
vt 0.0000 1.0000 0.0000
vt 0.0000 0.0000 0.0000
# 4 texture coords

g Box119
usemtl 02___Default
s 2
f -8/-4/-6 -7/-3/-6 -6/-2/-6 -5/-1/-6 
s 4
f -4/-1/-5 -3/-4/-5 -2/-3/-5 -1/-2/-5 
s 8
f -8/-1/-4 -5/-4/-4 -3/-3/-4 -4/-2/-4 
s 16
f -5/-1/-3 -6/-4/-3 -2/-3/-3 -3/-2/-3 
s 32
f -6/-1/-2 -7/-4/-2 -1/-3/-2 -2/-2/-2 
s 64
f -7/-1/-1 -8/-4/-1 -4/-3/-1 -1/-2/-1 
# 6 polygons

#
# object Box120
#

v  -762978.3125 3063.0229 -51911.4844
v  -769735.6875 3063.0229 -58668.8750
v  -762978.3125 3063.0229 -65426.2656
v  -756220.9375 3063.0229 -58668.8750
v  -762978.3125 3306.0586 -51911.4844
v  -756220.9375 3306.0586 -58668.8750
v  -762978.3125 3306.0586 -65426.2656
v  -769735.6875 3306.0586 -58668.8750
# 8 vertices

vn 0.0000 -1.0000 -0.0000
vn 0.0000 1.0000 -0.0000
vn 0.7071 0.0000 0.7071
vn 0.7071 0.0000 -0.7071
vn -0.7071 0.0000 -0.7071
vn -0.7071 0.0000 0.7071
# 6 vertex normals

vt 1.0000 0.0000 0.0000
vt 1.0000 1.0000 0.0000
vt 0.0000 1.0000 0.0000
vt 0.0000 0.0000 0.0000
# 4 texture coords

g Box120
usemtl 02___Default
s 2
f -8/-4/-6 -7/-3/-6 -6/-2/-6 -5/-1/-6 
s 4
f -4/-1/-5 -3/-4/-5 -2/-3/-5 -1/-2/-5 
s 8
f -8/-1/-4 -5/-4/-4 -3/-3/-4 -4/-2/-4 
s 16
f -5/-1/-3 -6/-4/-3 -2/-3/-3 -3/-2/-3 
s 32
f -6/-1/-2 -7/-4/-2 -1/-3/-2 -2/-2/-2 
s 64
f -7/-1/-1 -8/-4/-1 -4/-3/-1 -1/-2/-1 
# 6 polygons

#
# object Box121
#

v  -612768.5000 3063.0229 -51911.4844
v  -619525.8750 3063.0229 -58668.8750
v  -612768.5000 3063.0229 -65426.2656
v  -606011.1250 3063.0229 -58668.8750
v  -612768.5000 3306.0586 -51911.4844
v  -606011.1250 3306.0586 -58668.8750
v  -612768.5000 3306.0586 -65426.2656
v  -619525.8750 3306.0586 -58668.8750
# 8 vertices

vn 0.0000 -1.0000 -0.0000
vn 0.0000 1.0000 -0.0000
vn 0.7071 0.0000 0.7071
vn 0.7071 0.0000 -0.7071
vn -0.7071 0.0000 -0.7071
vn -0.7071 0.0000 0.7071
# 6 vertex normals

vt 1.0000 0.0000 0.0000
vt 1.0000 1.0000 0.0000
vt 0.0000 1.0000 0.0000
vt 0.0000 0.0000 0.0000
# 4 texture coords

g Box121
usemtl 02___Default
s 2
f -8/-4/-6 -7/-3/-6 -6/-2/-6 -5/-1/-6 
s 4
f -4/-1/-5 -3/-4/-5 -2/-3/-5 -1/-2/-5 
s 8
f -8/-1/-4 -5/-4/-4 -3/-3/-4 -4/-2/-4 
s 16
f -5/-1/-3 -6/-4/-3 -2/-3/-3 -3/-2/-3 
s 32
f -6/-1/-2 -7/-4/-2 -1/-3/-2 -2/-2/-2 
s 64
f -7/-1/-1 -8/-4/-1 -4/-3/-1 -1/-2/-1 
# 6 polygons

#
# object Box122
#

v  -647212.4375 2579.8208 -150296.9531
v  -647212.4375 2579.8208 -169115.0469
v  -628394.3125 2579.8208 -169115.0469
v  -628394.3125 2579.8208 -150296.9531
v  -647212.4375 3789.2649 -150296.9531
v  -628394.3125 3789.2649 -150296.9531
v  -628394.3125 3789.2649 -169115.0469
v  -647212.4375 3789.2649 -169115.0469
# 8 vertices

vn 0.0000 -1.0000 -0.0000
vn 0.0000 1.0000 -0.0000
vn 0.0000 0.0000 1.0000
vn 1.0000 0.0000 -0.0000
vn 0.0000 0.0000 -1.0000
vn -1.0000 0.0000 -0.0000
# 6 vertex normals

vt 1.0000 0.0000 0.0000
vt 1.0000 1.0000 0.0000
vt 0.0000 1.0000 0.0000
vt 0.0000 0.0000 0.0000
# 4 texture coords

g Box122
usemtl 02___Default
s 2
f -8/-4/-6 -7/-3/-6 -6/-2/-6 -5/-1/-6 
s 4
f -4/-1/-5 -3/-4/-5 -2/-3/-5 -1/-2/-5 
s 8
f -8/-1/-4 -5/-4/-4 -3/-3/-4 -4/-2/-4 
s 16
f -5/-1/-3 -6/-4/-3 -2/-3/-3 -3/-2/-3 
s 32
f -6/-1/-2 -7/-4/-2 -1/-3/-2 -2/-2/-2 
s 64
f -7/-1/-1 -8/-4/-1 -4/-3/-1 -1/-2/-1 
# 6 polygons

#
# object Box123
#

v  -562698.5000 3063.0229 -51911.4844
v  -569455.8750 3063.0229 -58668.8750
v  -562698.5000 3063.0229 -65426.2656
v  -555941.1250 3063.0229 -58668.8750
v  -562698.5000 3306.0586 -51911.4844
v  -555941.1250 3306.0586 -58668.8750
v  -562698.5000 3306.0586 -65426.2656
v  -569455.8750 3306.0586 -58668.8750
# 8 vertices

vn 0.0000 -1.0000 -0.0000
vn 0.0000 1.0000 -0.0000
vn 0.7071 0.0000 0.7071
vn 0.7071 0.0000 -0.7071
vn -0.7071 0.0000 -0.7071
vn -0.7071 0.0000 0.7071
# 6 vertex normals

vt 1.0000 0.0000 0.0000
vt 1.0000 1.0000 0.0000
vt 0.0000 1.0000 0.0000
vt 0.0000 0.0000 0.0000
# 4 texture coords

g Box123
usemtl 02___Default
s 2
f -8/-4/-6 -7/-3/-6 -6/-2/-6 -5/-1/-6 
s 4
f -4/-1/-5 -3/-4/-5 -2/-3/-5 -1/-2/-5 
s 8
f -8/-1/-4 -5/-4/-4 -3/-3/-4 -4/-2/-4 
s 16
f -5/-1/-3 -6/-4/-3 -2/-3/-3 -3/-2/-3 
s 32
f -6/-1/-2 -7/-4/-2 -1/-3/-2 -2/-2/-2 
s 64
f -7/-1/-1 -8/-4/-1 -4/-3/-1 -1/-2/-1 
# 6 polygons

#
# object Box124
#

v  -762978.3125 3063.0229 -251016.0781
v  -769735.6875 3063.0229 -257773.4688
v  -762978.3125 3063.0229 -264530.8750
v  -756220.9375 3063.0229 -257773.4688
v  -762978.3125 3306.0586 -251016.0781
v  -756220.9375 3306.0586 -257773.4688
v  -762978.3125 3306.0586 -264530.8750
v  -769735.6875 3306.0586 -257773.4688
# 8 vertices

vn 0.0000 -1.0000 -0.0000
vn 0.0000 1.0000 -0.0000
vn 0.7071 0.0000 0.7071
vn 0.7071 0.0000 -0.7071
vn -0.7071 0.0000 -0.7071
vn -0.7071 0.0000 0.7071
# 6 vertex normals

vt 1.0000 0.0000 0.0000
vt 1.0000 1.0000 0.0000
vt 0.0000 1.0000 0.0000
vt 0.0000 0.0000 0.0000
# 4 texture coords

g Box124
usemtl 02___Default
s 2
f -8/-4/-6 -7/-3/-6 -6/-2/-6 -5/-1/-6 
s 4
f -4/-1/-5 -3/-4/-5 -2/-3/-5 -1/-2/-5 
s 8
f -8/-1/-4 -5/-4/-4 -3/-3/-4 -4/-2/-4 
s 16
f -5/-1/-3 -6/-4/-3 -2/-3/-3 -3/-2/-3 
s 32
f -6/-1/-2 -7/-4/-2 -1/-3/-2 -2/-2/-2 
s 64
f -7/-1/-1 -8/-4/-1 -4/-3/-1 -1/-2/-1 
# 6 polygons

#
# object Box125
#

v  -788013.2500 3063.0229 -227272.7344
v  -794770.6250 3063.0229 -234030.1250
v  -788013.2500 3063.0229 -240787.5156
v  -781255.8750 3063.0229 -234030.1250
v  -788013.2500 3306.0586 -227272.7344
v  -781255.8750 3306.0586 -234030.1250
v  -788013.2500 3306.0586 -240787.5156
v  -794770.6250 3306.0586 -234030.1250
# 8 vertices

vn 0.0000 -1.0000 -0.0000
vn 0.0000 1.0000 -0.0000
vn 0.7071 0.0000 0.7071
vn 0.7071 0.0000 -0.7071
vn -0.7071 0.0000 -0.7071
vn -0.7071 0.0000 0.7071
# 6 vertex normals

vt 1.0000 0.0000 0.0000
vt 1.0000 1.0000 0.0000
vt 0.0000 1.0000 0.0000
vt 0.0000 0.0000 0.0000
# 4 texture coords

g Box125
usemtl 02___Default
s 2
f -8/-4/-6 -7/-3/-6 -6/-2/-6 -5/-1/-6 
s 4
f -4/-1/-5 -3/-4/-5 -2/-3/-5 -1/-2/-5 
s 8
f -8/-1/-4 -5/-4/-4 -3/-3/-4 -4/-2/-4 
s 16
f -5/-1/-3 -6/-4/-3 -2/-3/-3 -3/-2/-3 
s 32
f -6/-1/-2 -7/-4/-2 -1/-3/-2 -2/-2/-2 
s 64
f -7/-1/-1 -8/-4/-1 -4/-3/-1 -1/-2/-1 
# 6 polygons

#
# object Box126
#

v  -423462.0938 3063.0229 -65062.6094
v  -430219.5000 3063.0229 -71820.0000
v  -423462.0938 3063.0229 -78577.3906
v  -416704.6875 3063.0229 -71820.0000
v  -423462.0938 3306.0586 -65062.6094
v  -416704.6875 3306.0586 -71820.0000
v  -423462.0938 3306.0586 -78577.3906
v  -430219.5000 3306.0586 -71820.0000
# 8 vertices

vn 0.0000 -1.0000 -0.0000
vn 0.0000 1.0000 -0.0000
vn 0.7071 0.0000 0.7071
vn 0.7071 0.0000 -0.7071
vn -0.7071 0.0000 -0.7071
vn -0.7071 0.0000 0.7071
# 6 vertex normals

vt 1.0000 0.0000 0.0000
vt 1.0000 1.0000 0.0000
vt 0.0000 1.0000 0.0000
vt 0.0000 0.0000 0.0000
# 4 texture coords

g Box126
usemtl 02___Default
s 2
f -8/-4/-6 -7/-3/-6 -6/-2/-6 -5/-1/-6 
s 4
f -4/-1/-5 -3/-4/-5 -2/-3/-5 -1/-2/-5 
s 8
f -8/-1/-4 -5/-4/-4 -3/-3/-4 -4/-2/-4 
s 16
f -5/-1/-3 -6/-4/-3 -2/-3/-3 -3/-2/-3 
s 32
f -6/-1/-2 -7/-4/-2 -1/-3/-2 -2/-2/-2 
s 64
f -7/-1/-1 -8/-4/-1 -4/-3/-1 -1/-2/-1 
# 6 polygons

#
# object Box127
#

v  -670784.4375 2829.4033 -126724.9141
v  -670784.4375 2829.4033 -192687.0938
v  -604822.3125 2829.4033 -192687.0938
v  -604822.3125 2829.4033 -126724.9141
v  -670784.4375 3539.6792 -126724.9141
v  -604822.3125 3539.6792 -126724.9141
v  -604822.3125 3539.6792 -192687.0938
v  -670784.4375 3539.6792 -192687.0938
# 8 vertices

vn 0.0000 -1.0000 -0.0000
vn 0.0000 1.0000 -0.0000
vn 0.0000 0.0000 1.0000
vn 1.0000 0.0000 -0.0000
vn 0.0000 0.0000 -1.0000
vn -1.0000 0.0000 -0.0000
# 6 vertex normals

vt 1.0000 0.0000 0.0000
vt 1.0000 1.0000 0.0000
vt 0.0000 1.0000 0.0000
vt 0.0000 0.0000 0.0000
# 4 texture coords

g Box127
usemtl _crayfishdiffuse
s 2
f -8/-4/-6 -7/-3/-6 -6/-2/-6 -5/-1/-6 
s 4
f -4/-1/-5 -3/-4/-5 -2/-3/-5 -1/-2/-5 
s 8
f -8/-1/-4 -5/-4/-4 -3/-3/-4 -4/-2/-4 
s 16
f -5/-1/-3 -6/-4/-3 -2/-3/-3 -3/-2/-3 
s 32
f -6/-1/-2 -7/-4/-2 -1/-3/-2 -2/-2/-2 
s 64
f -7/-1/-1 -8/-4/-1 -4/-3/-1 -1/-2/-1 
# 6 polygons

#
# object Box128
#

v  -687873.4375 3063.0229 -51911.4844
v  -694630.8125 3063.0229 -58668.8750
v  -687873.4375 3063.0229 -65426.2656
v  -681116.0625 3063.0229 -58668.8750
v  -687873.4375 3306.0586 -51911.4844
v  -681116.0625 3306.0586 -58668.8750
v  -687873.4375 3306.0586 -65426.2656
v  -694630.8125 3306.0586 -58668.8750
# 8 vertices

vn 0.0000 -1.0000 -0.0000
vn 0.0000 1.0000 -0.0000
vn 0.7071 0.0000 0.7071
vn 0.7071 0.0000 -0.7071
vn -0.7071 0.0000 -0.7071
vn -0.7071 0.0000 0.7071
# 6 vertex normals

vt 1.0000 0.0000 0.0000
vt 1.0000 1.0000 0.0000
vt 0.0000 1.0000 0.0000
vt 0.0000 0.0000 0.0000
# 4 texture coords

g Box128
usemtl 02___Default
s 2
f -8/-4/-6 -7/-3/-6 -6/-2/-6 -5/-1/-6 
s 4
f -4/-1/-5 -3/-4/-5 -2/-3/-5 -1/-2/-5 
s 8
f -8/-1/-4 -5/-4/-4 -3/-3/-4 -4/-2/-4 
s 16
f -5/-1/-3 -6/-4/-3 -2/-3/-3 -3/-2/-3 
s 32
f -6/-1/-2 -7/-4/-2 -1/-3/-2 -2/-2/-2 
s 64
f -7/-1/-1 -8/-4/-1 -4/-3/-1 -1/-2/-1 
# 6 polygons

#
# object Box129
#

v  -537663.5000 3063.0229 -251016.0781
v  -544420.8750 3063.0229 -257773.4688
v  -537663.5000 3063.0229 -264530.8750
v  -530906.1250 3063.0229 -257773.4688
v  -537663.5000 3306.0586 -251016.0781
v  -530906.1250 3306.0586 -257773.4688
v  -537663.5000 3306.0586 -264530.8750
v  -544420.8750 3306.0586 -257773.4688
# 8 vertices

vn 0.0000 -1.0000 -0.0000
vn 0.0000 1.0000 -0.0000
vn 0.7071 0.0000 0.7071
vn 0.7071 0.0000 -0.7071
vn -0.7071 0.0000 -0.7071
vn -0.7071 0.0000 0.7071
# 6 vertex normals

vt 1.0000 0.0000 0.0000
vt 1.0000 1.0000 0.0000
vt 0.0000 1.0000 0.0000
vt 0.0000 0.0000 0.0000
# 4 texture coords

g Box129
usemtl 02___Default
s 2
f -8/-4/-6 -7/-3/-6 -6/-2/-6 -5/-1/-6 
s 4
f -4/-1/-5 -3/-4/-5 -2/-3/-5 -1/-2/-5 
s 8
f -8/-1/-4 -5/-4/-4 -3/-3/-4 -4/-2/-4 
s 16
f -5/-1/-3 -6/-4/-3 -2/-3/-3 -3/-2/-3 
s 32
f -6/-1/-2 -7/-4/-2 -1/-3/-2 -2/-2/-2 
s 64
f -7/-1/-1 -8/-4/-1 -4/-3/-1 -1/-2/-1 
# 6 polygons

#
# object Box130
#

v  -537663.5000 3063.0229 -51911.4844
v  -544420.8750 3063.0229 -58668.8750
v  -537663.5000 3063.0229 -65426.2656
v  -530906.1250 3063.0229 -58668.8750
v  -537663.5000 3306.0586 -51911.4844
v  -530906.1250 3306.0586 -58668.8750
v  -537663.5000 3306.0586 -65426.2656
v  -544420.8750 3306.0586 -58668.8750
# 8 vertices

vn 0.0000 -1.0000 -0.0000
vn 0.0000 1.0000 -0.0000
vn 0.7071 0.0000 0.7071
vn 0.7071 0.0000 -0.7071
vn -0.7071 0.0000 -0.7071
vn -0.7071 0.0000 0.7071
# 6 vertex normals

vt 1.0000 0.0000 0.0000
vt 1.0000 1.0000 0.0000
vt 0.0000 1.0000 0.0000
vt 0.0000 0.0000 0.0000
# 4 texture coords

g Box130
usemtl 02___Default
s 2
f -8/-4/-6 -7/-3/-6 -6/-2/-6 -5/-1/-6 
s 4
f -4/-1/-5 -3/-4/-5 -2/-3/-5 -1/-2/-5 
s 8
f -8/-1/-4 -5/-4/-4 -3/-3/-4 -4/-2/-4 
s 16
f -5/-1/-3 -6/-4/-3 -2/-3/-3 -3/-2/-3 
s 32
f -6/-1/-2 -7/-4/-2 -1/-3/-2 -2/-2/-2 
s 64
f -7/-1/-1 -8/-4/-1 -4/-3/-1 -1/-2/-1 
# 6 polygons

#
# object Box131
#

v  -612768.5000 3063.0229 -251016.0781
v  -619525.8750 3063.0229 -257773.4688
v  -612768.5000 3063.0229 -264530.8750
v  -606011.1250 3063.0229 -257773.4688
v  -612768.5000 3306.0586 -251016.0781
v  -606011.1250 3306.0586 -257773.4688
v  -612768.5000 3306.0586 -264530.8750
v  -619525.8750 3306.0586 -257773.4688
# 8 vertices

vn 0.0000 -1.0000 -0.0000
vn 0.0000 1.0000 -0.0000
vn 0.7071 0.0000 0.7071
vn 0.7071 0.0000 -0.7071
vn -0.7071 0.0000 -0.7071
vn -0.7071 0.0000 0.7071
# 6 vertex normals

vt 1.0000 0.0000 0.0000
vt 1.0000 1.0000 0.0000
vt 0.0000 1.0000 0.0000
vt 0.0000 0.0000 0.0000
# 4 texture coords

g Box131
usemtl 02___Default
s 2
f -8/-4/-6 -7/-3/-6 -6/-2/-6 -5/-1/-6 
s 4
f -4/-1/-5 -3/-4/-5 -2/-3/-5 -1/-2/-5 
s 8
f -8/-1/-4 -5/-4/-4 -3/-3/-4 -4/-2/-4 
s 16
f -5/-1/-3 -6/-4/-3 -2/-3/-3 -3/-2/-3 
s 32
f -6/-1/-2 -7/-4/-2 -1/-3/-2 -2/-2/-2 
s 64
f -7/-1/-1 -8/-4/-1 -4/-3/-1 -1/-2/-1 
# 6 polygons

#
# object Box132
#

v  -587733.5000 3063.0229 -251016.0781
v  -594490.8750 3063.0229 -257773.4688
v  -587733.5000 3063.0229 -264530.8750
v  -580976.1250 3063.0229 -257773.4688
v  -587733.5000 3306.0586 -251016.0781
v  -580976.1250 3306.0586 -257773.4688
v  -587733.5000 3306.0586 -264530.8750
v  -594490.8750 3306.0586 -257773.4688
# 8 vertices

vn 0.0000 -1.0000 -0.0000
vn 0.0000 1.0000 -0.0000
vn 0.7071 0.0000 0.7071
vn 0.7071 0.0000 -0.7071
vn -0.7071 0.0000 -0.7071
vn -0.7071 0.0000 0.7071
# 6 vertex normals

vt 1.0000 0.0000 0.0000
vt 1.0000 1.0000 0.0000
vt 0.0000 1.0000 0.0000
vt 0.0000 0.0000 0.0000
# 4 texture coords

g Box132
usemtl 02___Default
s 2
f -8/-4/-6 -7/-3/-6 -6/-2/-6 -5/-1/-6 
s 4
f -4/-1/-5 -3/-4/-5 -2/-3/-5 -1/-2/-5 
s 8
f -8/-1/-4 -5/-4/-4 -3/-3/-4 -4/-2/-4 
s 16
f -5/-1/-3 -6/-4/-3 -2/-3/-3 -3/-2/-3 
s 32
f -6/-1/-2 -7/-4/-2 -1/-3/-2 -2/-2/-2 
s 64
f -7/-1/-1 -8/-4/-1 -4/-3/-1 -1/-2/-1 
# 6 polygons

#
# object Box133
#

v  -487593.5625 3063.0229 -251016.0781
v  -494350.9688 3063.0229 -257773.4688
v  -487593.5625 3063.0229 -264530.8750
v  -480836.1563 3063.0229 -257773.4688
v  -487593.5625 3306.0586 -251016.0781
v  -480836.1563 3306.0586 -257773.4688
v  -487593.5625 3306.0586 -264530.8750
v  -494350.9688 3306.0586 -257773.4688
# 8 vertices

vn 0.0000 -1.0000 -0.0000
vn 0.0000 1.0000 -0.0000
vn 0.7071 0.0000 0.7071
vn 0.7071 0.0000 -0.7071
vn -0.7071 0.0000 -0.7071
vn -0.7071 0.0000 0.7071
# 6 vertex normals

vt 1.0000 0.0000 0.0000
vt 1.0000 1.0000 0.0000
vt 0.0000 1.0000 0.0000
vt 0.0000 0.0000 0.0000
# 4 texture coords

g Box133
usemtl 02___Default
s 2
f -8/-4/-6 -7/-3/-6 -6/-2/-6 -5/-1/-6 
s 4
f -4/-1/-5 -3/-4/-5 -2/-3/-5 -1/-2/-5 
s 8
f -8/-1/-4 -5/-4/-4 -3/-3/-4 -4/-2/-4 
s 16
f -5/-1/-3 -6/-4/-3 -2/-3/-3 -3/-2/-3 
s 32
f -6/-1/-2 -7/-4/-2 -1/-3/-2 -2/-2/-2 
s 64
f -7/-1/-1 -8/-4/-1 -4/-3/-1 -1/-2/-1 
# 6 polygons

#
# object Box134
#

v  -637803.3750 3063.0229 -251016.0781
v  -644560.7500 3063.0229 -257773.4688
v  -637803.3750 3063.0229 -264530.8750
v  -631046.0000 3063.0229 -257773.4688
v  -637803.3750 3306.0586 -251016.0781
v  -631046.0000 3306.0586 -257773.4688
v  -637803.3750 3306.0586 -264530.8750
v  -644560.7500 3306.0586 -257773.4688
# 8 vertices

vn 0.0000 -1.0000 -0.0000
vn 0.0000 1.0000 -0.0000
vn 0.7071 0.0000 0.7071
vn 0.7071 0.0000 -0.7071
vn -0.7071 0.0000 -0.7071
vn -0.7071 0.0000 0.7071
# 6 vertex normals

vt 1.0000 0.0000 0.0000
vt 1.0000 1.0000 0.0000
vt 0.0000 1.0000 0.0000
vt 0.0000 0.0000 0.0000
# 4 texture coords

g Box134
usemtl 02___Default
s 2
f -8/-4/-6 -7/-3/-6 -6/-2/-6 -5/-1/-6 
s 4
f -4/-1/-5 -3/-4/-5 -2/-3/-5 -1/-2/-5 
s 8
f -8/-1/-4 -5/-4/-4 -3/-3/-4 -4/-2/-4 
s 16
f -5/-1/-3 -6/-4/-3 -2/-3/-3 -3/-2/-3 
s 32
f -6/-1/-2 -7/-4/-2 -1/-3/-2 -2/-2/-2 
s 64
f -7/-1/-1 -8/-4/-1 -4/-3/-1 -1/-2/-1 
# 6 polygons

#
# object Box135
#

v  -712908.3750 3063.0229 -251016.0781
v  -719665.7500 3063.0229 -257773.4688
v  -712908.3750 3063.0229 -264530.8750
v  -706151.0000 3063.0229 -257773.4688
v  -712908.3750 3306.0586 -251016.0781
v  -706151.0000 3306.0586 -257773.4688
v  -712908.3750 3306.0586 -264530.8750
v  -719665.7500 3306.0586 -257773.4688
# 8 vertices

vn 0.0000 -1.0000 -0.0000
vn 0.0000 1.0000 -0.0000
vn 0.7071 0.0000 0.7071
vn 0.7071 0.0000 -0.7071
vn -0.7071 0.0000 -0.7071
vn -0.7071 0.0000 0.7071
# 6 vertex normals

vt 1.0000 0.0000 0.0000
vt 1.0000 1.0000 0.0000
vt 0.0000 1.0000 0.0000
vt 0.0000 0.0000 0.0000
# 4 texture coords

g Box135
usemtl 02___Default
s 2
f -8/-4/-6 -7/-3/-6 -6/-2/-6 -5/-1/-6 
s 4
f -4/-1/-5 -3/-4/-5 -2/-3/-5 -1/-2/-5 
s 8
f -8/-1/-4 -5/-4/-4 -3/-3/-4 -4/-2/-4 
s 16
f -5/-1/-3 -6/-4/-3 -2/-3/-3 -3/-2/-3 
s 32
f -6/-1/-2 -7/-4/-2 -1/-3/-2 -2/-2/-2 
s 64
f -7/-1/-1 -8/-4/-1 -4/-3/-1 -1/-2/-1 
# 6 polygons

#
# object Box136
#

v  -788013.2500 3063.0229 -203529.4219
v  -794770.6250 3063.0229 -210286.8125
v  -788013.2500 3063.0229 -217044.2031
v  -781255.8750 3063.0229 -210286.8125
v  -788013.2500 3306.0586 -203529.4219
v  -781255.8750 3306.0586 -210286.8125
v  -788013.2500 3306.0586 -217044.2031
v  -794770.6250 3306.0586 -210286.8125
# 8 vertices

vn 0.0000 -1.0000 -0.0000
vn 0.0000 1.0000 -0.0000
vn 0.7071 0.0000 0.7071
vn 0.7071 0.0000 -0.7071
vn -0.7071 0.0000 -0.7071
vn -0.7071 0.0000 0.7071
# 6 vertex normals

vt 1.0000 0.0000 0.0000
vt 1.0000 1.0000 0.0000
vt 0.0000 1.0000 0.0000
vt 0.0000 0.0000 0.0000
# 4 texture coords

g Box136
usemtl 02___Default
s 2
f -8/-4/-6 -7/-3/-6 -6/-2/-6 -5/-1/-6 
s 4
f -4/-1/-5 -3/-4/-5 -2/-3/-5 -1/-2/-5 
s 8
f -8/-1/-4 -5/-4/-4 -3/-3/-4 -4/-2/-4 
s 16
f -5/-1/-3 -6/-4/-3 -2/-3/-3 -3/-2/-3 
s 32
f -6/-1/-2 -7/-4/-2 -1/-3/-2 -2/-2/-2 
s 64
f -7/-1/-1 -8/-4/-1 -4/-3/-1 -1/-2/-1 
# 6 polygons

#
# object Box137
#

v  -788013.2500 3063.0229 -179786.1406
v  -794770.6250 3063.0229 -186543.5313
v  -788013.2500 3063.0229 -193300.9219
v  -781255.8750 3063.0229 -186543.5313
v  -788013.2500 3306.0586 -179786.1406
v  -781255.8750 3306.0586 -186543.5313
v  -788013.2500 3306.0586 -193300.9219
v  -794770.6250 3306.0586 -186543.5313
# 8 vertices

vn 0.0000 -1.0000 -0.0000
vn 0.0000 1.0000 -0.0000
vn 0.7071 0.0000 0.7071
vn 0.7071 0.0000 -0.7071
vn -0.7071 0.0000 -0.7071
vn -0.7071 0.0000 0.7071
# 6 vertex normals

vt 1.0000 0.0000 0.0000
vt 1.0000 1.0000 0.0000
vt 0.0000 1.0000 0.0000
vt 0.0000 0.0000 0.0000
# 4 texture coords

g Box137
usemtl 02___Default
s 2
f -8/-4/-6 -7/-3/-6 -6/-2/-6 -5/-1/-6 
s 4
f -4/-1/-5 -3/-4/-5 -2/-3/-5 -1/-2/-5 
s 8
f -8/-1/-4 -5/-4/-4 -3/-3/-4 -4/-2/-4 
s 16
f -5/-1/-3 -6/-4/-3 -2/-3/-3 -3/-2/-3 
s 32
f -6/-1/-2 -7/-4/-2 -1/-3/-2 -2/-2/-2 
s 64
f -7/-1/-1 -8/-4/-1 -4/-3/-1 -1/-2/-1 
# 6 polygons

#
# object Box138
#

v  -788013.2500 3063.0229 -132299.5156
v  -794770.6250 3063.0229 -139056.9063
v  -788013.2500 3063.0229 -145814.2969
v  -781255.8750 3063.0229 -139056.9063
v  -788013.2500 3306.0586 -132299.5156
v  -781255.8750 3306.0586 -139056.9063
v  -788013.2500 3306.0586 -145814.2969
v  -794770.6250 3306.0586 -139056.9063
# 8 vertices

vn 0.0000 -1.0000 -0.0000
vn 0.0000 1.0000 -0.0000
vn 0.7071 0.0000 0.7071
vn 0.7071 0.0000 -0.7071
vn -0.7071 0.0000 -0.7071
vn -0.7071 0.0000 0.7071
# 6 vertex normals

vt 1.0000 0.0000 0.0000
vt 1.0000 1.0000 0.0000
vt 0.0000 1.0000 0.0000
vt 0.0000 0.0000 0.0000
# 4 texture coords

g Box138
usemtl 02___Default
s 2
f -8/-4/-6 -7/-3/-6 -6/-2/-6 -5/-1/-6 
s 4
f -4/-1/-5 -3/-4/-5 -2/-3/-5 -1/-2/-5 
s 8
f -8/-1/-4 -5/-4/-4 -3/-3/-4 -4/-2/-4 
s 16
f -5/-1/-3 -6/-4/-3 -2/-3/-3 -3/-2/-3 
s 32
f -6/-1/-2 -7/-4/-2 -1/-3/-2 -2/-2/-2 
s 64
f -7/-1/-1 -8/-4/-1 -4/-3/-1 -1/-2/-1 
# 6 polygons

#
# object Box139
#

v  -662838.3750 3063.0229 -251016.0781
v  -669595.7500 3063.0229 -257773.4688
v  -662838.3750 3063.0229 -264530.8750
v  -656081.0000 3063.0229 -257773.4688
v  -662838.3750 3306.0586 -251016.0781
v  -656081.0000 3306.0586 -257773.4688
v  -662838.3750 3306.0586 -264530.8750
v  -669595.7500 3306.0586 -257773.4688
# 8 vertices

vn 0.0000 -1.0000 -0.0000
vn 0.0000 1.0000 -0.0000
vn 0.7071 0.0000 0.7071
vn 0.7071 0.0000 -0.7071
vn -0.7071 0.0000 -0.7071
vn -0.7071 0.0000 0.7071
# 6 vertex normals

vt 1.0000 0.0000 0.0000
vt 1.0000 1.0000 0.0000
vt 0.0000 1.0000 0.0000
vt 0.0000 0.0000 0.0000
# 4 texture coords

g Box139
usemtl 02___Default
s 2
f -8/-4/-6 -7/-3/-6 -6/-2/-6 -5/-1/-6 
s 4
f -4/-1/-5 -3/-4/-5 -2/-3/-5 -1/-2/-5 
s 8
f -8/-1/-4 -5/-4/-4 -3/-3/-4 -4/-2/-4 
s 16
f -5/-1/-3 -6/-4/-3 -2/-3/-3 -3/-2/-3 
s 32
f -6/-1/-2 -7/-4/-2 -1/-3/-2 -2/-2/-2 
s 64
f -7/-1/-1 -8/-4/-1 -4/-3/-1 -1/-2/-1 
# 6 polygons

#
# object Box140
#

v  -788013.2500 3063.0229 -108556.1719
v  -794770.6250 3063.0229 -115313.5625
v  -788013.2500 3063.0229 -122070.9531
v  -781255.8750 3063.0229 -115313.5625
v  -788013.2500 3306.0586 -108556.1719
v  -781255.8750 3306.0586 -115313.5625
v  -788013.2500 3306.0586 -122070.9531
v  -794770.6250 3306.0586 -115313.5625
# 8 vertices

vn 0.0000 -1.0000 -0.0000
vn 0.0000 1.0000 -0.0000
vn 0.7071 0.0000 0.7071
vn 0.7071 0.0000 -0.7071
vn -0.7071 0.0000 -0.7071
vn -0.7071 0.0000 0.7071
# 6 vertex normals

vt 1.0000 0.0000 0.0000
vt 1.0000 1.0000 0.0000
vt 0.0000 1.0000 0.0000
vt 0.0000 0.0000 0.0000
# 4 texture coords

g Box140
usemtl 02___Default
s 2
f -8/-4/-6 -7/-3/-6 -6/-2/-6 -5/-1/-6 
s 4
f -4/-1/-5 -3/-4/-5 -2/-3/-5 -1/-2/-5 
s 8
f -8/-1/-4 -5/-4/-4 -3/-3/-4 -4/-2/-4 
s 16
f -5/-1/-3 -6/-4/-3 -2/-3/-3 -3/-2/-3 
s 32
f -6/-1/-2 -7/-4/-2 -1/-3/-2 -2/-2/-2 
s 64
f -7/-1/-1 -8/-4/-1 -4/-3/-1 -1/-2/-1 
# 6 polygons

#
# object Box141
#

v  -737943.3125 3063.0229 -51911.4844
v  -744700.6875 3063.0229 -58668.8750
v  -737943.3125 3063.0229 -65426.2656
v  -731185.9375 3063.0229 -58668.8750
v  -737943.3125 3306.0586 -51911.4844
v  -731185.9375 3306.0586 -58668.8750
v  -737943.3125 3306.0586 -65426.2656
v  -744700.6875 3306.0586 -58668.8750
# 8 vertices

vn 0.0000 -1.0000 -0.0000
vn 0.0000 1.0000 -0.0000
vn 0.7071 0.0000 0.7071
vn 0.7071 0.0000 -0.7071
vn -0.7071 0.0000 -0.7071
vn -0.7071 0.0000 0.7071
# 6 vertex normals

vt 1.0000 0.0000 0.0000
vt 1.0000 1.0000 0.0000
vt 0.0000 1.0000 0.0000
vt 0.0000 0.0000 0.0000
# 4 texture coords

g Box141
usemtl 02___Default
s 2
f -8/-4/-6 -7/-3/-6 -6/-2/-6 -5/-1/-6 
s 4
f -4/-1/-5 -3/-4/-5 -2/-3/-5 -1/-2/-5 
s 8
f -8/-1/-4 -5/-4/-4 -3/-3/-4 -4/-2/-4 
s 16
f -5/-1/-3 -6/-4/-3 -2/-3/-3 -3/-2/-3 
s 32
f -6/-1/-2 -7/-4/-2 -1/-3/-2 -2/-2/-2 
s 64
f -7/-1/-1 -8/-4/-1 -4/-3/-1 -1/-2/-1 
# 6 polygons

#
# object Box142
#

v  -512628.5625 3063.0229 -251016.0781
v  -519385.9688 3063.0229 -257773.4688
v  -512628.5625 3063.0229 -264530.8750
v  -505871.1563 3063.0229 -257773.4688
v  -512628.5625 3306.0586 -251016.0781
v  -505871.1563 3306.0586 -257773.4688
v  -512628.5625 3306.0586 -264530.8750
v  -519385.9688 3306.0586 -257773.4688
# 8 vertices

vn 0.0000 -1.0000 -0.0000
vn 0.0000 1.0000 -0.0000
vn 0.7071 0.0000 0.7071
vn 0.7071 0.0000 -0.7071
vn -0.7071 0.0000 -0.7071
vn -0.7071 0.0000 0.7071
# 6 vertex normals

vt 1.0000 0.0000 0.0000
vt 1.0000 1.0000 0.0000
vt 0.0000 1.0000 0.0000
vt 0.0000 0.0000 0.0000
# 4 texture coords

g Box142
usemtl 02___Default
s 2
f -8/-4/-6 -7/-3/-6 -6/-2/-6 -5/-1/-6 
s 4
f -4/-1/-5 -3/-4/-5 -2/-3/-5 -1/-2/-5 
s 8
f -8/-1/-4 -5/-4/-4 -3/-3/-4 -4/-2/-4 
s 16
f -5/-1/-3 -6/-4/-3 -2/-3/-3 -3/-2/-3 
s 32
f -6/-1/-2 -7/-4/-2 -1/-3/-2 -2/-2/-2 
s 64
f -7/-1/-1 -8/-4/-1 -4/-3/-1 -1/-2/-1 
# 6 polygons

#
# object Box143
#

v  -737943.3125 3063.0229 -251016.0781
v  -744700.6875 3063.0229 -257773.4688
v  -737943.3125 3063.0229 -264530.8750
v  -731185.9375 3063.0229 -257773.4688
v  -737943.3125 3306.0586 -251016.0781
v  -731185.9375 3306.0586 -257773.4688
v  -737943.3125 3306.0586 -264530.8750
v  -744700.6875 3306.0586 -257773.4688
# 8 vertices

vn 0.0000 -1.0000 -0.0000
vn 0.0000 1.0000 -0.0000
vn 0.7071 0.0000 0.7071
vn 0.7071 0.0000 -0.7071
vn -0.7071 0.0000 -0.7071
vn -0.7071 0.0000 0.7071
# 6 vertex normals

vt 1.0000 0.0000 0.0000
vt 1.0000 1.0000 0.0000
vt 0.0000 1.0000 0.0000
vt 0.0000 0.0000 0.0000
# 4 texture coords

g Box143
usemtl 02___Default
s 2
f -8/-4/-6 -7/-3/-6 -6/-2/-6 -5/-1/-6 
s 4
f -4/-1/-5 -3/-4/-5 -2/-3/-5 -1/-2/-5 
s 8
f -8/-1/-4 -5/-4/-4 -3/-3/-4 -4/-2/-4 
s 16
f -5/-1/-3 -6/-4/-3 -2/-3/-3 -3/-2/-3 
s 32
f -6/-1/-2 -7/-4/-2 -1/-3/-2 -2/-2/-2 
s 64
f -7/-1/-1 -8/-4/-1 -4/-3/-1 -1/-2/-1 
# 6 polygons

#
# object Box144
#

v  -637803.3750 2579.8208 -146399.5938
v  -651109.8125 2579.8208 -159706.0000
v  -637803.3750 2579.8208 -173012.4063
v  -624496.9375 2579.8208 -159706.0000
v  -637803.3750 3789.2649 -146399.5938
v  -624496.9375 3789.2649 -159706.0000
v  -637803.3750 3789.2649 -173012.4063
v  -651109.8125 3789.2649 -159706.0000
# 8 vertices

vn 0.0000 -1.0000 -0.0000
vn 0.0000 1.0000 -0.0000
vn 0.7071 0.0000 0.7071
vn 0.7071 0.0000 -0.7071
vn -0.7071 0.0000 -0.7071
vn -0.7071 0.0000 0.7071
# 6 vertex normals

vt 1.0000 0.0000 0.0000
vt 1.0000 1.0000 0.0000
vt 0.0000 1.0000 0.0000
vt 0.0000 0.0000 0.0000
# 4 texture coords

g Box144
usemtl 02___Default
s 2
f -8/-4/-6 -7/-3/-6 -6/-2/-6 -5/-1/-6 
s 4
f -4/-1/-5 -3/-4/-5 -2/-3/-5 -1/-2/-5 
s 8
f -8/-1/-4 -5/-4/-4 -3/-3/-4 -4/-2/-4 
s 16
f -5/-1/-3 -6/-4/-3 -2/-3/-3 -3/-2/-3 
s 32
f -6/-1/-2 -7/-4/-2 -1/-3/-2 -2/-2/-2 
s 64
f -7/-1/-1 -8/-4/-1 -4/-3/-1 -1/-2/-1 
# 6 polygons

#
# object Box145
#

v  -788013.2500 3063.0229 -156042.8281
v  -794770.6250 3063.0229 -162800.2188
v  -788013.2500 3063.0229 -169557.6094
v  -781255.8750 3063.0229 -162800.2188
v  -788013.2500 3306.0586 -156042.8281
v  -781255.8750 3306.0586 -162800.2188
v  -788013.2500 3306.0586 -169557.6094
v  -794770.6250 3306.0586 -162800.2188
# 8 vertices

vn 0.0000 -1.0000 -0.0000
vn 0.0000 1.0000 -0.0000
vn 0.7071 0.0000 0.7071
vn 0.7071 0.0000 -0.7071
vn -0.7071 0.0000 -0.7071
vn -0.7071 0.0000 0.7071
# 6 vertex normals

vt 1.0000 0.0000 0.0000
vt 1.0000 1.0000 0.0000
vt 0.0000 1.0000 0.0000
vt 0.0000 0.0000 0.0000
# 4 texture coords

g Box145
usemtl 02___Default
s 2
f -8/-4/-6 -7/-3/-6 -6/-2/-6 -5/-1/-6 
s 4
f -4/-1/-5 -3/-4/-5 -2/-3/-5 -1/-2/-5 
s 8
f -8/-1/-4 -5/-4/-4 -3/-3/-4 -4/-2/-4 
s 16
f -5/-1/-3 -6/-4/-3 -2/-3/-3 -3/-2/-3 
s 32
f -6/-1/-2 -7/-4/-2 -1/-3/-2 -2/-2/-2 
s 64
f -7/-1/-1 -8/-4/-1 -4/-3/-1 -1/-2/-1 
# 6 polygons

#
# object Box146
#

v  -562698.5000 3063.0229 -251016.0781
v  -569455.8750 3063.0229 -257773.4688
v  -562698.5000 3063.0229 -264530.8750
v  -555941.1250 3063.0229 -257773.4688
v  -562698.5000 3306.0586 -251016.0781
v  -555941.1250 3306.0586 -257773.4688
v  -562698.5000 3306.0586 -264530.8750
v  -569455.8750 3306.0586 -257773.4688
# 8 vertices

vn 0.0000 -1.0000 -0.0000
vn 0.0000 1.0000 -0.0000
vn 0.7071 0.0000 0.7071
vn 0.7071 0.0000 -0.7071
vn -0.7071 0.0000 -0.7071
vn -0.7071 0.0000 0.7071
# 6 vertex normals

vt 1.0000 0.0000 0.0000
vt 1.0000 1.0000 0.0000
vt 0.0000 1.0000 0.0000
vt 0.0000 0.0000 0.0000
# 4 texture coords

g Box146
usemtl 02___Default
s 2
f -8/-4/-6 -7/-3/-6 -6/-2/-6 -5/-1/-6 
s 4
f -4/-1/-5 -3/-4/-5 -2/-3/-5 -1/-2/-5 
s 8
f -8/-1/-4 -5/-4/-4 -3/-3/-4 -4/-2/-4 
s 16
f -5/-1/-3 -6/-4/-3 -2/-3/-3 -3/-2/-3 
s 32
f -6/-1/-2 -7/-4/-2 -1/-3/-2 -2/-2/-2 
s 64
f -7/-1/-1 -8/-4/-1 -4/-3/-1 -1/-2/-1 
# 6 polygons

#
# object Box147
#

v  -788013.2500 3063.0229 -82514.8906
v  -794770.6250 3063.0229 -89272.2813
v  -788013.2500 3063.0229 -96029.6719
v  -781255.8750 3063.0229 -89272.2813
v  -788013.2500 3306.0586 -82514.8906
v  -781255.8750 3306.0586 -89272.2813
v  -788013.2500 3306.0586 -96029.6719
v  -794770.6250 3306.0586 -89272.2813
# 8 vertices

vn 0.0000 -1.0000 -0.0000
vn 0.0000 1.0000 -0.0000
vn 0.7071 0.0000 0.7071
vn 0.7071 0.0000 -0.7071
vn -0.7071 0.0000 -0.7071
vn -0.7071 0.0000 0.7071
# 6 vertex normals

vt 1.0000 0.0000 0.0000
vt 1.0000 1.0000 0.0000
vt 0.0000 1.0000 0.0000
vt 0.0000 0.0000 0.0000
# 4 texture coords

g Box147
usemtl 02___Default
s 2
f -8/-4/-6 -7/-3/-6 -6/-2/-6 -5/-1/-6 
s 4
f -4/-1/-5 -3/-4/-5 -2/-3/-5 -1/-2/-5 
s 8
f -8/-1/-4 -5/-4/-4 -3/-3/-4 -4/-2/-4 
s 16
f -5/-1/-3 -6/-4/-3 -2/-3/-3 -3/-2/-3 
s 32
f -6/-1/-2 -7/-4/-2 -1/-3/-2 -2/-2/-2 
s 64
f -7/-1/-1 -8/-4/-1 -4/-3/-1 -1/-2/-1 
# 6 polygons

#
# object Box148
#

v  -486661.5000 3063.0229 -105407.8281
v  -493418.9063 3063.0229 -112165.2188
v  -486661.5000 3063.0229 -118922.6094
v  -479904.0938 3063.0229 -112165.2188
v  -486661.5000 3306.0586 -105407.8281
v  -479904.0938 3306.0586 -112165.2188
v  -486661.5000 3306.0586 -118922.6094
v  -493418.9063 3306.0586 -112165.2188
# 8 vertices

vn 0.0000 -1.0000 -0.0000
vn 0.0000 1.0000 -0.0000
vn 0.7071 0.0000 0.7071
vn 0.7071 0.0000 -0.7071
vn -0.7071 0.0000 -0.7071
vn -0.7071 0.0000 0.7071
# 6 vertex normals

vt 1.0000 0.0000 0.0000
vt 1.0000 1.0000 0.0000
vt 0.0000 1.0000 0.0000
vt 0.0000 0.0000 0.0000
# 4 texture coords

g Box148
usemtl 02___Default
s 2
f -8/-4/-6 -7/-3/-6 -6/-2/-6 -5/-1/-6 
s 4
f -4/-1/-5 -3/-4/-5 -2/-3/-5 -1/-2/-5 
s 8
f -8/-1/-4 -5/-4/-4 -3/-3/-4 -4/-2/-4 
s 16
f -5/-1/-3 -6/-4/-3 -2/-3/-3 -3/-2/-3 
s 32
f -6/-1/-2 -7/-4/-2 -1/-3/-2 -2/-2/-2 
s 64
f -7/-1/-1 -8/-4/-1 -4/-3/-1 -1/-2/-1 
# 6 polygons

#
# object Box149
#

v  -486661.5000 3063.0229 -176637.7969
v  -493418.9063 3063.0229 -183395.1875
v  -486661.5000 3063.0229 -190152.5781
v  -479904.0938 3063.0229 -183395.1875
v  -486661.5000 3306.0586 -176637.7969
v  -479904.0938 3306.0586 -183395.1875
v  -486661.5000 3306.0586 -190152.5781
v  -493418.9063 3306.0586 -183395.1875
# 8 vertices

vn 0.0000 -1.0000 -0.0000
vn 0.0000 1.0000 -0.0000
vn 0.7071 0.0000 0.7071
vn 0.7071 0.0000 -0.7071
vn -0.7071 0.0000 -0.7071
vn -0.7071 0.0000 0.7071
# 6 vertex normals

vt 1.0000 0.0000 0.0000
vt 1.0000 1.0000 0.0000
vt 0.0000 1.0000 0.0000
vt 0.0000 0.0000 0.0000
# 4 texture coords

g Box149
usemtl 02___Default
s 2
f -8/-4/-6 -7/-3/-6 -6/-2/-6 -5/-1/-6 
s 4
f -4/-1/-5 -3/-4/-5 -2/-3/-5 -1/-2/-5 
s 8
f -8/-1/-4 -5/-4/-4 -3/-3/-4 -4/-2/-4 
s 16
f -5/-1/-3 -6/-4/-3 -2/-3/-3 -3/-2/-3 
s 32
f -6/-1/-2 -7/-4/-2 -1/-3/-2 -2/-2/-2 
s 64
f -7/-1/-1 -8/-4/-1 -4/-3/-1 -1/-2/-1 
# 6 polygons

#
# object Box150
#

v  -486661.5000 3063.0229 -224124.4531
v  -493418.9063 3063.0229 -230881.8438
v  -486661.5000 3063.0229 -237639.2344
v  -479904.0938 3063.0229 -230881.8438
v  -486661.5000 3306.0586 -224124.4531
v  -479904.0938 3306.0586 -230881.8438
v  -486661.5000 3306.0586 -237639.2344
v  -493418.9063 3306.0586 -230881.8438
# 8 vertices

vn 0.0000 -1.0000 -0.0000
vn 0.0000 1.0000 -0.0000
vn 0.7071 0.0000 0.7071
vn 0.7071 0.0000 -0.7071
vn -0.7071 0.0000 -0.7071
vn -0.7071 0.0000 0.7071
# 6 vertex normals

vt 1.0000 0.0000 0.0000
vt 1.0000 1.0000 0.0000
vt 0.0000 1.0000 0.0000
vt 0.0000 0.0000 0.0000
# 4 texture coords

g Box150
usemtl 02___Default
s 2
f -8/-4/-6 -7/-3/-6 -6/-2/-6 -5/-1/-6 
s 4
f -4/-1/-5 -3/-4/-5 -2/-3/-5 -1/-2/-5 
s 8
f -8/-1/-4 -5/-4/-4 -3/-3/-4 -4/-2/-4 
s 16
f -5/-1/-3 -6/-4/-3 -2/-3/-3 -3/-2/-3 
s 32
f -6/-1/-2 -7/-4/-2 -1/-3/-2 -2/-2/-2 
s 64
f -7/-1/-1 -8/-4/-1 -4/-3/-1 -1/-2/-1 
# 6 polygons

#
# object Box151
#

v  -486661.5000 3063.0229 -79366.5469
v  -493418.9063 3063.0229 -86123.9375
v  -486661.5000 3063.0229 -92881.3281
v  -479904.0938 3063.0229 -86123.9375
v  -486661.5000 3306.0586 -79366.5469
v  -479904.0938 3306.0586 -86123.9375
v  -486661.5000 3306.0586 -92881.3281
v  -493418.9063 3306.0586 -86123.9375
# 8 vertices

vn 0.0000 -1.0000 -0.0000
vn 0.0000 1.0000 -0.0000
vn 0.7071 0.0000 0.7071
vn 0.7071 0.0000 -0.7071
vn -0.7071 0.0000 -0.7071
vn -0.7071 0.0000 0.7071
# 6 vertex normals

vt 1.0000 0.0000 0.0000
vt 1.0000 1.0000 0.0000
vt 0.0000 1.0000 0.0000
vt 0.0000 0.0000 0.0000
# 4 texture coords

g Box151
usemtl 02___Default
s 2
f -8/-4/-6 -7/-3/-6 -6/-2/-6 -5/-1/-6 
s 4
f -4/-1/-5 -3/-4/-5 -2/-3/-5 -1/-2/-5 
s 8
f -8/-1/-4 -5/-4/-4 -3/-3/-4 -4/-2/-4 
s 16
f -5/-1/-3 -6/-4/-3 -2/-3/-3 -3/-2/-3 
s 32
f -6/-1/-2 -7/-4/-2 -1/-3/-2 -2/-2/-2 
s 64
f -7/-1/-1 -8/-4/-1 -4/-3/-1 -1/-2/-1 
# 6 polygons

#
# object Box152
#

v  -486661.5000 3063.0229 -152894.4531
v  -493418.9063 3063.0229 -159651.8438
v  -486661.5000 3063.0229 -166409.2344
v  -479904.0938 3063.0229 -159651.8438
v  -486661.5000 3306.0586 -152894.4531
v  -479904.0938 3306.0586 -159651.8438
v  -486661.5000 3306.0586 -166409.2344
v  -493418.9063 3306.0586 -159651.8438
# 8 vertices

vn 0.0000 -1.0000 -0.0000
vn 0.0000 1.0000 -0.0000
vn 0.7071 0.0000 0.7071
vn 0.7071 0.0000 -0.7071
vn -0.7071 0.0000 -0.7071
vn -0.7071 0.0000 0.7071
# 6 vertex normals

vt 1.0000 0.0000 0.0000
vt 1.0000 1.0000 0.0000
vt 0.0000 1.0000 0.0000
vt 0.0000 0.0000 0.0000
# 4 texture coords

g Box152
usemtl 02___Default
s 2
f -8/-4/-6 -7/-3/-6 -6/-2/-6 -5/-1/-6 
s 4
f -4/-1/-5 -3/-4/-5 -2/-3/-5 -1/-2/-5 
s 8
f -8/-1/-4 -5/-4/-4 -3/-3/-4 -4/-2/-4 
s 16
f -5/-1/-3 -6/-4/-3 -2/-3/-3 -3/-2/-3 
s 32
f -6/-1/-2 -7/-4/-2 -1/-3/-2 -2/-2/-2 
s 64
f -7/-1/-1 -8/-4/-1 -4/-3/-1 -1/-2/-1 
# 6 polygons

#
# object Box153
#

v  -788013.2500 3063.0229 -51911.4844
v  -794770.6250 3063.0229 -58668.8750
v  -788013.2500 3063.0229 -65426.2656
v  -781255.8750 3063.0229 -58668.8750
v  -788013.2500 3306.0586 -51911.4844
v  -781255.8750 3306.0586 -58668.8750
v  -788013.2500 3306.0586 -65426.2656
v  -794770.6250 3306.0586 -58668.8750
# 8 vertices

vn 0.0000 -1.0000 -0.0000
vn 0.0000 1.0000 -0.0000
vn 0.7071 0.0000 0.7071
vn 0.7071 0.0000 -0.7071
vn -0.7071 0.0000 -0.7071
vn -0.7071 0.0000 0.7071
# 6 vertex normals

vt 1.0000 0.0000 0.0000
vt 1.0000 1.0000 0.0000
vt 0.0000 1.0000 0.0000
vt 0.0000 0.0000 0.0000
# 4 texture coords

g Box153
